0.000010 0.546269 0.453721
0.046476 0.953514 0.000010
0.000010 0.475971 0.524019
0.000010 0.683139 0.316851
0.004037 0.718796 0.277167
0.000010 0.518193 0.481797
0.000010 0.686001 0.313989
0.000010 0.387143 0.612847
0.000010 0.544043 0.455947
0.048662 0.703400 0.247937
0.000010 0.518920 0.481070
0.000010 0.541087 0.458903
0.000010 0.318792 0.681198
0.000010 0.704724 0.295266
0.000010 0.396416 0.603574
0.105407 0.576868 0.317725
0.000010 0.506121 0.493869
0.000010 0.693931 0.306059
0.000010 0.999980 0.000010
0.022962 0.977028 0.000010
0.001581 0.998409 0.000010
0.000010 0.619075 0.380915
0.000010 0.709286 0.290704
0.009618 0.670635 0.319747
0.000010 0.639071 0.360919
0.000010 0.613320 0.386670
0.000010 0.999980 0.000010
0.000010 0.810889 0.189101
0.000010 0.528475 0.471515
0.000010 0.685354 0.314636
0.000010 0.674694 0.325296
0.000010 0.514763 0.485227
0.000010 0.660398 0.339592
0.000010 0.621755 0.378235
0.000010 0.419206 0.580784
0.034192 0.965798 0.000010
0.000010 0.790948 0.209042
0.052385 0.575494 0.372121
0.000010 0.999980 0.000010
0.007969 0.637541 0.354490
0.000010 0.555033 0.444957
0.044267 0.727593 0.228140
0.000010 0.739486 0.260504
0.000010 0.704455 0.295535
0.000010 0.999980 0.000010
0.000010 0.686231 0.313759
0.000010 0.627646 0.372344
0.007815 0.593681 0.398503
0.000010 0.586752 0.413238
0.000010 0.783775 0.216215
0.000010 0.999980 0.000010
0.000010 0.530985 0.469005
0.000010 0.437016 0.562974
0.000010 0.999980 0.000010
0.000010 0.999980 0.000010
0.000010 0.621729 0.378261
0.000010 0.569961 0.430029
0.000010 0.000010 0.999980
0.157813 0.000010 0.842177
0.000010 0.000010 0.999980
0.224049 0.140857 0.635095
0.125091 0.255444 0.619464
0.167886 0.337137 0.494977
0.124255 0.213430 0.662315
0.133795 0.000010 0.866195
0.160238 0.000010 0.839752
0.000010 0.000010 0.999980
0.087119 0.295514 0.617367
0.119148 0.238268 0.642583
0.234174 0.000010 0.765816
0.201018 0.440389 0.358593
0.131667 0.000010 0.868323
0.265788 0.391832 0.342379
0.122957 0.000010 0.877033
0.335568 0.250858 0.413574
0.003481 0.996509 0.000010
0.010474 0.657481 0.332045
0.000010 0.605011 0.394979
0.000017 0.999973 0.000010
0.000010 0.307659 0.692331
0.000010 0.640920 0.359070
0.000010 0.999980 0.000010
0.000010 0.424853 0.575137
0.000010 0.478958 0.521032
0.029782 0.581428 0.388790
0.026502 0.675875 0.297624
0.000010 0.721912 0.278078
0.000010 0.783546 0.216444
0.097940 0.902050 0.000010
0.039762 0.960228 0.000010
0.073904 0.926086 0.000010
0.049333 0.627158 0.323509
0.000010 0.587163 0.412827
0.000010 0.999980 0.000010
0.000010 0.379528 0.620462
0.000010 0.570878 0.429112
0.000010 0.658143 0.341847
0.000010 0.999980 0.000010
0.000010 0.999980 0.000010
0.000010 0.999980 0.000010
0.000010 0.590884 0.409106
0.219524 0.148650 0.631826
0.134234 0.000010 0.865756
0.097872 0.000010 0.902118
0.193253 0.407295 0.399451
0.000010 0.000010 0.999980
0.174258 0.000010 0.825732
0.000010 0.000010 0.999980
0.193357 0.268263 0.538380
0.151540 0.000010 0.848450
0.154775 0.126124 0.719101
0.222628 0.406174 0.371198
0.000010 0.000010 0.999980
0.246918 0.000010 0.753072
0.147007 0.000010 0.852983
0.140926 0.000010 0.859064
0.103056 0.000010 0.896934
0.000010 0.999980 0.000010
0.049538 0.694155 0.256307
0.049662 0.717217 0.233121
0.032096 0.731747 0.236157
0.000010 0.999980 0.000010
0.000010 0.487994 0.511996
0.000010 0.611770 0.388220
0.026972 0.558162 0.414866
0.000010 0.645376 0.354614
0.063190 0.619609 0.317201
0.543151 0.073313 0.383536
0.091689 0.908301 0.000010
0.360857 0.086606 0.552537
0.110892 0.000010 0.889098
0.306151 0.000010 0.693839
0.268949 0.184579 0.546472
0.143051 0.000010 0.856939
0.024443 0.000010 0.975547
0.000010 0.000010 0.999980
0.193635 0.000010 0.806355
0.165832 0.000010 0.834158
0.118083 0.000010 0.881907
0.118679 0.142135 0.739185
0.136268 0.323861 0.539871
0.224714 0.386544 0.388743
0.178576 0.462536 0.358888
0.132378 0.273786 0.593835
0.447277 0.275188 0.277535
0.213578 0.000010 0.786412
0.111275 0.000010 0.888715
0.200383 0.370166 0.429451
0.208749 0.228429 0.562822
0.277095 0.000010 0.722895
0.089788 0.000010 0.910202
0.094573 0.000010 0.905417
0.000010 0.000010 0.999980
0.181245 0.818745 0.000010
0.025541 0.974449 0.000010
0.000010 0.999980 0.000010
0.000010 0.535418 0.464572
0.071527 0.928463 0.000010
0.021800 0.723146 0.255054
0.046226 0.953764 0.000010
0.033006 0.966984 0.000010
0.000010 0.571364 0.428626
0.107590 0.597951 0.294460
0.048023 0.704775 0.247202
0.036859 0.664405 0.298736
0.184962 0.280853 0.534185
0.141731 0.000010 0.858259
0.472877 0.128282 0.398842
0.000010 0.000010 0.999980
0.000010 0.000010 0.999980
0.123530 0.529423 0.347047
0.332617 0.055600 0.611782
0.520659 0.082688 0.396653
0.188875 0.207513 0.603612
0.147171 0.165728 0.687101
0.303435 0.000010 0.696555
0.306393 0.104144 0.589463
0.348809 0.000010 0.651181
0.288146 0.538214 0.173641
0.218521 0.781469 0.000010
0.215514 0.429118 0.355368
0.000010 0.000010 0.999980
0.000010 0.000010 0.999980
0.000010 0.000010 0.999980
0.000010 0.000010 0.999980
0.165048 0.834942 0.000010
0.299753 0.108190 0.592056
0.000010 0.436436 0.563554
0.000010 0.000010 0.999980
0.000010 0.000010 0.999980
0.056285 0.000010 0.943705
0.335283 0.196200 0.468516
0.306954 0.265123 0.427923
0.273955 0.000010 0.726035
0.247636 0.000010 0.752354
0.087830 0.000010 0.912160
0.116616 0.883374 0.000010
0.236064 0.546122 0.217814
0.752406 0.000010 0.247584
0.468273 0.000010 0.531717
0.714051 0.000010 0.285939
0.999980 0.000010 0.000010
0.409751 0.215220 0.375029
0.647040 0.000010 0.352950
0.762058 0.237932 0.000010
0.562195 0.437795 0.000010
0.999980 0.000010 0.000010
0.834252 0.000010 0.165738
0.999980 0.000010 0.000010
0.806263 0.000010 0.193727
0.999980 0.000010 0.000010
0.753935 0.246055 0.000010
0.999980 0.000010 0.000010
0.999980 0.000010 0.000010
0.934571 0.000010 0.065419
0.708653 0.291337 0.000010
0.806524 0.000010 0.193466
0.702386 0.130185 0.167429
0.999980 0.000010 0.000010
0.870501 0.000010 0.129489
0.911992 0.087998 0.000010
0.999980 0.000010 0.000010
0.844046 0.155944 0.000010
0.911414 0.000010 0.088576
0.652100 0.104537 0.243362
0.688223 0.311767 0.000010
0.995467 0.004523 0.000010
0.999980 0.000010 0.000010
0.999980 0.000010 0.000010
0.999980 0.000010 0.000010
0.999980 0.000010 0.000010
0.619596 0.226494 0.153910
0.681832 0.000010 0.318158
0.999980 0.000010 0.000010
0.727642 0.000010 0.272348
0.569166 0.430824 0.000010
0.892580 0.107410 0.000010
0.999980 0.000010 0.000010
0.732592 0.048158 0.219250
0.892456 0.000010 0.107534
0.779744 0.000010 0.220246
0.789475 0.095414 0.115111
0.842290 0.000010 0.157700
0.821159 0.000010 0.178831
0.999980 0.000010 0.000010
0.999980 0.000010 0.000010
0.887543 0.000010 0.112447
0.999980 0.000010 0.000010
0.223007 0.776983 0.000010
0.999980 0.000010 0.000010
0.729751 0.000010 0.270239
0.590705 0.325641 0.083654
0.999980 0.000010 0.000010
0.999980 0.000010 0.000010
0.999980 0.000010 0.000010
0.999980 0.000010 0.000010
0.999980 0.000010 0.000010
0.999980 0.000010 0.000010
0.717107 0.000010 0.282883
0.577903 0.000010 0.422087
0.999980 0.000010 0.000010
0.999980 0.000010 0.000010
0.891874 0.000010 0.108116
0.999980 0.000010 0.000010
0.999980 0.000010 0.000010
0.999980 0.000010 0.000010
0.999980 0.000010 0.000010
0.574724 0.425266 0.000010
0.999980 0.000010 0.000010
0.756895 0.000010 0.243095
0.999980 0.000010 0.000010
0.929101 0.000010 0.070889
0.838925 0.000010 0.161065
0.999980 0.000010 0.000010
0.999980 0.000010 0.000010
0.662643 0.000010 0.337347
0.999980 0.000010 0.000010
0.999980 0.000010 0.000010
0.853240 0.146750 0.000010
0.668291 0.000010 0.331699
0.514537 0.269754 0.215709
0.999980 0.000010 0.000010
0.596178 0.159070 0.244752
0.000010 0.000010 0.999980
0.131571 0.158721 0.709708
0.188920 0.223472 0.587608
0.200039 0.200187 0.599774
0.508399 0.225926 0.265675
0.252740 0.213283 0.533977
0.580366 0.186239 0.233395
0.251495 0.136509 0.611996
0.402712 0.212148 0.385140
0.578206 0.214031 0.207763
0.470216 0.222252 0.307532
0.263159 0.117295 0.619546
0.416489 0.196705 0.386806
0.229815 0.189613 0.580572
0.113116 0.296570 0.590313
0.000010 0.124322 0.875668
0.558463 0.179879 0.261658
0.449472 0.107541 0.442987
0.213775 0.000010 0.786215
0.513434 0.201199 0.285368
0.563798 0.153109 0.283094
0.362404 0.234951 0.402644
0.631376 0.193476 0.175148
0.447576 0.180185 0.372240
0.446286 0.273188 0.280527
0.283644 0.186354 0.530002
0.626922 0.000010 0.373068
0.999980 0.000010 0.000010
0.999980 0.000010 0.000010
0.999980 0.000010 0.000010
0.999980 0.000010 0.000010
0.652250 0.000010 0.347740
0.999980 0.000010 0.000010
0.819984 0.049480 0.130536
0.999980 0.000010 0.000010
0.710672 0.112855 0.176473
0.518786 0.112718 0.368496
0.342447 0.206749 0.450804
0.226279 0.155034 0.618687
0.489186 0.065175 0.445639
0.691532 0.164862 0.143606
0.459958 0.216939 0.323104
0.815224 0.000010 0.184766
0.806150 0.010139 0.183712
0.541640 0.179938 0.278422
0.613706 0.186119 0.200175
0.342954 0.179957 0.477089
0.364913 0.167151 0.467937
0.481075 0.138657 0.380268
0.343722 0.000010 0.656268
0.453028 0.177139 0.369833
0.416925 0.311832 0.271243
0.398787 0.272598 0.328615
0.248784 0.145345 0.605871
0.312351 0.191540 0.496109
0.410242 0.212247 0.377511
0.772287 0.000010 0.227703
0.719245 0.163846 0.116909
0.573463 0.134883 0.291654
0.636147 0.130650 0.233203
0.398349 0.241986 0.359665
0.252177 0.238497 0.509326
0.260015 0.112166 0.627819
0.483586 0.192323 0.324091
