0.786368 0.132376 0.000010 0.081246
0.617631 0.000010 0.029354 0.353005
0.999970 0.000010 0.000010 0.000010
0.698126 0.044731 0.000010 0.257134
0.671388 0.000010 0.000010 0.328592
0.999970 0.000010 0.000010 0.000010
0.999970 0.000010 0.000010 0.000010
0.999970 0.000010 0.000010 0.000010
0.999970 0.000010 0.000010 0.000010
0.842944 0.000010 0.047371 0.109675
0.999970 0.000010 0.000010 0.000010
0.999970 0.000010 0.000010 0.000010
0.717433 0.282547 0.000010 0.000010
0.911978 0.000010 0.000010 0.088002
0.999970 0.000010 0.000010 0.000010
0.894633 0.000010 0.105347 0.000010
0.999970 0.000010 0.000010 0.000010
0.999970 0.000010 0.000010 0.000010
0.563263 0.000010 0.000010 0.436717
0.559462 0.000010 0.004144 0.436384
0.552959 0.000010 0.000010 0.447021
0.999970 0.000010 0.000010 0.000010
0.999970 0.000010 0.000010 0.000010
0.804532 0.000010 0.007825 0.187632
0.999970 0.000010 0.000010 0.000010
0.999970 0.000010 0.000010 0.000010
0.000010 0.000010 0.000010 0.999970
0.770709 0.000010 0.000010 0.229271
0.999970 0.000010 0.000010 0.000010
0.999970 0.000010 0.000010 0.000010
0.999970 0.000010 0.000010 0.000010
0.999970 0.000010 0.000010 0.000010
0.999970 0.000010 0.000010 0.000010
0.999970 0.000010 0.000010 0.000010
0.587038 0.305711 0.000010 0.107241
0.572409 0.000010 0.012323 0.415258
0.689912 0.000010 0.000010 0.310068
0.944991 0.000010 0.054989 0.000010
0.578269 0.000010 0.000010 0.421711
0.999970 0.000010 0.000010 0.000010
0.598789 0.212687 0.000010 0.188514
0.765851 0.000010 0.038984 0.195155
0.639952 0.000010 0.000010 0.360028
0.747344 0.000010 0.000010 0.252636
0.450256 0.000010 0.000010 0.549724
0.820371 0.000010 0.000010 0.179609
0.871664 0.000010 0.000010 0.128316
0.999970 0.000010 0.000010 0.000010
0.999970 0.000010 0.000010 0.000010
0.752395 0.000010 0.000010 0.247585
0.702925 0.000019 0.000010 0.297045
0.999970 0.000010 0.000010 0.000010
0.790325 0.209655 0.000010 0.000010
0.587631 0.000017 0.000010 0.412342
0.000010 0.000010 0.000010 0.999970
0.618020 0.174806 0.000010 0.207164
0.615891 0.203367 0.000010 0.180732
0.000010 0.999970 0.000010 0.000010
0.000010 0.897738 0.102242 0.000010
0.000010 0.999970 0.000010 0.000010
0.207704 0.539828 0.193556 0.058913
0.312045 0.487917 0.097716 0.102322
0.000010 0.546282 0.105810 0.347898
0.000010 0.723175 0.060720 0.216094
0.000010 0.815303 0.077290 0.107396
0.000010 0.774722 0.111275 0.113993
0.000019 0.999961 0.000010 0.000010
0.000010 0.692262 0.001698 0.306030
0.000010 0.698060 0.049676 0.252254
0.000010 0.816125 0.183855 0.000010
0.000010 0.414797 0.135443 0.449750
0.000010 0.844266 0.074782 0.080942
0.000010 0.372295 0.202891 0.424804
0.000010 0.860926 0.064992 0.074073
0.000010 0.445452 0.284553 0.269985
0.623375 0.000010 0.000010 0.376605
0.999970 0.000010 0.000010 0.000010
0.999970 0.000010 0.000010 0.000010
0.546881 0.000010 0.000010 0.453099
0.820727 0.179253 0.000010 0.000010
0.830047 0.000010 0.000010 0.169933
0.620532 0.000010 0.000010 0.379448
0.832628 0.167352 0.000010 0.000010
0.999970 0.000010 0.000010 0.000010
0.973239 0.000010 0.026741 0.000010
0.984573 0.000010 0.015407 0.000010
0.801443 0.000010 0.000010 0.198537
0.999970 0.000010 0.000010 0.000010
0.563669 0.000010 0.082467 0.353854
0.540004 0.000010 0.016898 0.443088
0.658256 0.000010 0.062858 0.278876
0.951262 0.000010 0.048718 0.000010
0.999970 0.000010 0.000010 0.000010
0.653851 0.000010 0.000010 0.346129
0.999970 0.000010 0.000010 0.000010
0.722683 0.149309 0.000010 0.127998
0.852954 0.000010 0.000010 0.147026
0.000010 0.000010 0.000010 0.999970
0.000010 0.000010 0.000010 0.999970
0.601126 0.000010 0.000010 0.398854
0.999970 0.000010 0.000010 0.000010
0.000010 0.689604 0.168789 0.141598
0.000010 0.923574 0.076406 0.000010
0.000010 0.973164 0.026816 0.000010
0.000010 0.456336 0.132123 0.411531
0.000010 0.999970 0.000010 0.000010
0.000010 0.875841 0.124139 0.000010
0.000010 0.999970 0.000010 0.000010
0.000010 0.590680 0.139339 0.269971
0.000010 0.798718 0.095794 0.105478
0.000010 0.775161 0.098919 0.125910
0.000010 0.425384 0.159256 0.415350
0.000010 0.999970 0.000010 0.000010
0.000010 0.803102 0.196878 0.000010
0.000010 0.908715 0.091265 0.000010
0.000010 0.912542 0.087438 0.000010
0.000010 0.859066 0.046098 0.094827
0.534387 0.000010 0.000010 0.465593
0.956365 0.000010 0.043615 0.000010
0.795112 0.000010 0.045020 0.159858
0.713103 0.000010 0.020843 0.266044
0.604484 0.000010 0.000010 0.395496
0.710591 0.200750 0.000010 0.088649
0.663530 0.131614 0.000010 0.204846
0.737903 0.115794 0.019026 0.127277
0.809318 0.000010 0.000010 0.190662
0.939168 0.000010 0.060812 0.000010
0.163850 0.308062 0.528078 0.000010
0.000010 0.000010 0.000010 0.999970
0.172834 0.469777 0.335946 0.021443
0.000010 0.953636 0.046344 0.000010
0.000010 0.738569 0.261411 0.000010
0.000010 0.599124 0.216650 0.184215
0.000010 0.911123 0.088857 0.000010
0.000010 0.999970 0.000010 0.000010
0.000010 0.999970 0.000010 0.000010
0.000010 0.764911 0.142202 0.092876
0.000010 0.885797 0.114183 0.000010
0.000010 0.941095 0.058885 0.000010
0.000010 0.808533 0.062939 0.128518
0.000010 0.622914 0.076471 0.300605
0.000010 0.426501 0.161409 0.412080
0.202061 0.326281 0.145058 0.326600
0.000010 0.659744 0.072688 0.267558
0.000010 0.303464 0.398202 0.298325
0.000010 0.837246 0.162734 0.000010
0.000010 0.954576 0.045404 0.000010
0.000010 0.499633 0.148467 0.351891
0.000010 0.638360 0.157354 0.204276
0.000010 0.690293 0.228338 0.081359
0.000010 0.980977 0.019003 0.000010
0.000010 0.982847 0.017133 0.000010
0.000010 0.999970 0.000010 0.000010
0.000010 0.000010 0.080558 0.919422
0.645578 0.000010 0.010584 0.343827
0.552963 0.000010 0.000010 0.447017
0.999970 0.000010 0.000010 0.000010
0.586128 0.000010 0.052442 0.361420
0.658945 0.000010 0.001757 0.339287
0.653507 0.000010 0.036069 0.310414
0.652674 0.000010 0.019379 0.327938
0.999970 0.000010 0.000010 0.000010
0.888166 0.000010 0.111814 0.000010
0.723747 0.000010 0.042219 0.234024
0.733865 0.000010 0.031268 0.234856
0.000010 0.607294 0.128752 0.263944
0.000010 0.912274 0.087706 0.000010
0.086168 0.379028 0.445280 0.089525
0.000010 0.999970 0.000010 0.000010
0.000010 0.999970 0.000010 0.000010
0.000010 0.436847 0.045819 0.517325
0.228467 0.461933 0.309591 0.000010
0.000010 0.410056 0.483813 0.106122
0.000010 0.665122 0.137119 0.197750
0.000010 0.736516 0.090217 0.173257
0.000010 0.744961 0.255019 0.000010
0.000010 0.633652 0.261551 0.104787
0.000010 0.637771 0.312579 0.049640
0.000010 0.000010 0.271579 0.728401
0.000010 0.000010 0.138353 0.861627
0.000010 0.391295 0.150123 0.458572
0.000010 0.999970 0.000010 0.000010
0.000010 0.999965 0.000015 0.000010
0.000010 0.999970 0.000010 0.000010
0.000010 0.999970 0.000010 0.000010
0.000010 0.000010 0.014940 0.985040
0.216126 0.486815 0.273328 0.023731
0.000010 0.612897 0.000010 0.387083
0.000010 0.999970 0.000010 0.000010
0.000010 0.999970 0.000010 0.000010
0.000010 0.999970 0.000010 0.000010
0.000010 0.503036 0.287838 0.209116
0.000010 0.477368 0.255264 0.267358
0.000010 0.773223 0.226757 0.000010
0.000010 0.808927 0.191053 0.000010
0.000010 0.986738 0.013242 0.000010
0.000010 0.000010 0.000010 0.999970
0.000010 0.000010 0.180424 0.819556
0.000010 0.252514 0.747466 0.000010
0.236564 0.313104 0.450321 0.000010
0.074428 0.221077 0.704486 0.000010
0.000010 0.000010 0.999970 0.000010
0.250911 0.261886 0.394749 0.092454
0.151646 0.217346 0.630998 0.000010
0.000010 0.000010 0.766454 0.233526
0.000010 0.000010 0.553703 0.446277
0.000010 0.000010 0.999970 0.000010
0.157888 0.000010 0.842092 0.000010
0.000010 0.000010 0.999970 0.000010
0.085900 0.114556 0.799534 0.000010
0.000010 0.000010 0.999970 0.000010
0.000010 0.000010 0.740889 0.259091
0.000010 0.000010 0.999970 0.000010
0.000010 0.000010 0.999970 0.000010
0.000010 0.057069 0.942911 0.000010
0.000010 0.000010 0.702913 0.297067
0.104301 0.096909 0.798780 0.000010
0.150969 0.100895 0.696142 0.051993
0.000010 0.000010 0.999970 0.000010
0.122796 0.000010 0.877184 0.000010
0.000010 0.000010 0.886253 0.113727
0.000010 0.000010 0.999970 0.000010
0.000010 0.000010 0.845059 0.154921
0.092502 0.000010 0.907478 0.000010
0.131769 0.184638 0.639775 0.043818
0.000017 0.000010 0.662357 0.337615
0.000010 0.000010 0.909110 0.090870
0.000010 0.000010 0.999970 0.000010
0.000010 0.000010 0.999970 0.000010
0.000010 0.000010 0.999970 0.000010
0.000010 0.000010 0.999970 0.000010
0.059336 0.161960 0.604541 0.174163
0.149244 0.183954 0.666792 0.000010
0.000010 0.000010 0.999970 0.000010
0.111110 0.172445 0.716435 0.000010
0.000010 0.000010 0.548983 0.450997
0.000010 0.000010 0.884200 0.115780
0.000010 0.000010 0.999970 0.000010
0.184666 0.088205 0.727119 0.000010
0.000010 0.108669 0.891311 0.000010
0.080428 0.150746 0.768815 0.000010
0.112722 0.057873 0.784875 0.044531
0.000017 0.159455 0.840519 0.000010
0.111728 0.073059 0.815203 0.000010
0.000010 0.000010 0.999970 0.000010
0.000010 0.000010 0.999970 0.000010
0.000010 0.112391 0.887589 0.000010
0.000010 0.000010 0.999970 0.000010
0.000010 0.000010 0.144576 0.855404
0.000010 0.000010 0.999970 0.000010
0.102330 0.180185 0.717475 0.000010
0.000010 0.110644 0.578494 0.310852
0.000010 0.000010 0.999970 0.000010
0.000010 0.000014 0.999966 0.000010
0.000010 0.000010 0.999970 0.000010
0.000010 0.000010 0.999970 0.000010
0.000010 0.000010 0.999970 0.000010
0.000010 0.000010 0.999970 0.000010
0.130427 0.166806 0.702757 0.000010
0.168499 0.268366 0.563126 0.000010
0.000010 0.000010 0.999970 0.000010
0.000010 0.000010 0.999970 0.000010
0.000010 0.107582 0.892398 0.000010
0.000010 0.000010 0.999970 0.000010
0.000010 0.000010 0.999970 0.000010
0.000010 0.000010 0.999970 0.000010
0.000010 0.000010 0.999970 0.000010
0.000010 0.000010 0.533193 0.466787
0.000010 0.000010 0.999970 0.000010
0.000010 0.249000 0.750980 0.000010
0.000010 0.000010 0.999970 0.000010
0.000010 0.073470 0.926510 0.000010
0.000010 0.163952 0.836028 0.000010
0.000010 0.000010 0.999970 0.000010
0.000010 0.000010 0.999970 0.000010
0.123397 0.229192 0.647401 0.000010
0.000010 0.000010 0.999970 0.000010
0.000010 0.000010 0.999970 0.000010
0.000010 0.000010 0.842568 0.157412
0.127700 0.217283 0.655006 0.000010
0.187134 0.153761 0.500799 0.158305
0.000010 0.000010 0.999970 0.000010
0.112158 0.206246 0.581707 0.099889
0.495976 0.504004 0.000010 0.000010
0.401006 0.486891 0.112093 0.000010
0.348962 0.414634 0.169605 0.066799
0.360356 0.420809 0.180868 0.037967
0.184212 0.196786 0.494015 0.124987
0.350034 0.364630 0.235727 0.049608
0.160545 0.175152 0.566856 0.097447
0.328840 0.437508 0.233642 0.000010
0.260416 0.272395 0.387293 0.079895
0.151497 0.162338 0.564275 0.121890
0.152221 0.260148 0.451692 0.135939
0.325339 0.430565 0.244086 0.000010
0.223912 0.295376 0.399184 0.081528
0.405955 0.378914 0.215121 0.000010
0.344152 0.439395 0.090467 0.125985
0.527508 0.472472 0.000010 0.000010
0.127596 0.215280 0.542140 0.114985
0.249543 0.315141 0.435306 0.000010
0.355754 0.449330 0.194906 0.000010
0.179256 0.217600 0.498186 0.104958
0.193543 0.197474 0.552408 0.056575
0.266073 0.289949 0.345265 0.098713
0.108529 0.146278 0.617857 0.127336
0.226556 0.272730 0.432876 0.067839
0.195978 0.211219 0.429224 0.163579
0.395284 0.333354 0.271352 0.000010
0.147581 0.244440 0.607970 0.000010
0.000010 0.000010 0.999970 0.000010
0.000010 0.000010 0.999970 0.000010
0.000010 0.000010 0.999970 0.000010
0.000010 0.000010 0.999970 0.000010
0.120749 0.242902 0.636340 0.000010
0.000010 0.000010 0.999970 0.000010
0.000010 0.119485 0.807893 0.072611
0.000010 0.000010 0.999970 0.000010
0.109241 0.129702 0.699814 0.061243
0.178792 0.288379 0.503509 0.029321
0.271814 0.326853 0.324084 0.077249
0.347968 0.444232 0.207790 0.000010
0.177862 0.349218 0.472910 0.000010
0.000010 0.178333 0.679437 0.142219
0.179253 0.260273 0.441580 0.118893
0.000010 0.170553 0.797022 0.032415
0.000010 0.166758 0.791224 0.042008
0.130176 0.231139 0.524401 0.114284
0.095696 0.180318 0.599916 0.124070
0.237566 0.369987 0.323774 0.068674
0.223240 0.368931 0.345397 0.062432
0.158868 0.304798 0.463480 0.072854
0.243740 0.433021 0.323229 0.000010
0.149745 0.320835 0.433370 0.096050
0.180033 0.222891 0.397324 0.199752
0.195441 0.262751 0.379183 0.162625
0.318349 0.434558 0.230453 0.016639
0.327315 0.341039 0.296459 0.035187
0.181932 0.310536 0.391015 0.116517
0.116176 0.124351 0.759463 0.000010
0.044456 0.123085 0.707145 0.125314
0.137226 0.239154 0.558611 0.065009
0.085096 0.200749 0.622637 0.091518
0.205272 0.285734 0.379176 0.129818
0.285757 0.383759 0.231378 0.099106
0.292605 0.469246 0.238139 0.000010
0.179418 0.256122 0.467416 0.097045
