0.000010 0.000010 0.431369 0.000010 0.568601
0.000010 0.336521 0.000010 0.027223 0.636236
0.000010 0.000010 0.000010 0.000010 0.999960
0.000010 0.240211 0.000010 0.000010 0.759759
0.000010 0.318171 0.000010 0.000010 0.681799
0.000010 0.000010 0.000010 0.000010 0.999960
0.000010 0.000010 0.219325 0.000010 0.780645
0.000010 0.000010 0.000010 0.000010 0.999960
0.000010 0.000010 0.000010 0.000010 0.999960
0.000010 0.099355 0.256712 0.031457 0.612467
0.000010 0.000010 0.305152 0.000010 0.694818
0.000010 0.000010 0.373770 0.000010 0.626200
0.170430 0.000010 0.205957 0.000010 0.623594
0.000010 0.087284 0.288645 0.000010 0.624050
0.000010 0.000010 0.000010 0.000010 0.999960
0.000010 0.000010 0.000010 0.091602 0.908368
0.000010 0.000010 0.370477 0.000010 0.629493
0.000010 0.000010 0.000010 0.000010 0.999960
0.000010 0.407288 0.187550 0.000010 0.405142
0.000010 0.399770 0.165039 0.001626 0.433555
0.000020 0.398965 0.171167 0.000010 0.429838
0.000010 0.000010 0.302591 0.000010 0.697379
0.000010 0.092708 0.195711 0.000010 0.711561
0.000010 0.155763 0.000010 0.000010 0.844207
0.000010 0.000010 0.231281 0.000010 0.768689
0.000010 0.000010 0.226892 0.000010 0.773078
0.000010 0.999960 0.000010 0.000010 0.000010
0.000010 0.198851 0.000010 0.000010 0.801119
0.000010 0.000010 0.261545 0.000010 0.738425
0.000010 0.000010 0.133753 0.000010 0.866217
0.000010 0.000010 0.221081 0.000010 0.778889
0.000010 0.000010 0.288930 0.000010 0.711040
0.000010 0.000010 0.126530 0.000010 0.873440
0.000010 0.000010 0.239141 0.000010 0.760829
0.158878 0.087418 0.251411 0.000010 0.502283
0.000010 0.398861 0.000010 0.009491 0.591628
0.000010 0.260598 0.350604 0.000010 0.388778
0.000010 0.000010 0.347252 0.028539 0.624189
0.000013 0.357812 0.292495 0.000010 0.349670
0.000010 0.009044 0.383009 0.000010 0.607927
0.147876 0.168586 0.163542 0.000010 0.519986
0.000010 0.190426 0.000010 0.035563 0.773991
0.000010 0.334847 0.000010 0.000010 0.665123
0.000010 0.216152 0.000010 0.000010 0.783818
0.000010 0.999960 0.000010 0.000010 0.000010
0.000010 0.138621 0.360083 0.000010 0.501276
0.000010 0.109271 0.000010 0.000010 0.890699
0.000010 0.000010 0.000010 0.000010 0.999960
0.000010 0.000010 0.000010 0.000010 0.999960
0.000010 0.228134 0.157979 0.000010 0.613867
0.000011 0.271299 0.270043 0.000010 0.458636
0.000010 0.000010 0.000010 0.000010 0.999960
0.000010 0.000010 0.000010 0.000010 0.999960
0.000010 0.370894 0.223157 0.000010 0.405929
0.000011 0.999959 0.000010 0.000010 0.000010
0.000010 0.171315 0.435803 0.000010 0.392862
0.000010 0.131276 0.508026 0.000010 0.360678
0.999960 0.000010 0.000010 0.000010 0.000010
0.960308 0.000010 0.000010 0.039662 0.000010
0.999960 0.000010 0.000010 0.000010 0.000010
0.568172 0.000010 0.000010 0.163618 0.268191
0.488889 0.069372 0.000010 0.073016 0.368713
0.369536 0.260226 0.279851 0.090377 0.000010
0.481598 0.138265 0.339089 0.041038 0.000010
0.999960 0.000010 0.000010 0.000010 0.000010
0.957415 0.000013 0.000010 0.042552 0.000010
0.467207 0.000010 0.532763 0.000010 0.000010
0.501516 0.229222 0.269242 0.000010 0.000010
0.387907 0.139659 0.441296 0.031128 0.000010
0.624973 0.000010 0.222222 0.152785 0.000010
0.476206 0.411372 0.000010 0.112402 0.000010
0.511764 0.000010 0.443360 0.044855 0.000010
0.436863 0.383337 0.000010 0.179780 0.000010
0.715131 0.000010 0.256201 0.028648 0.000010
0.319575 0.206534 0.207282 0.266600 0.000010
0.000014 0.350758 0.000010 0.000010 0.649207
0.000010 0.000010 0.000010 0.000010 0.999960
0.000010 0.000010 0.000010 0.000010 0.999960
0.000010 0.464258 0.000010 0.000010 0.535712
0.000010 0.000010 0.274390 0.000010 0.725580
0.000014 0.119510 0.333050 0.000010 0.547417
0.000010 0.317093 0.314706 0.000010 0.368181
0.000010 0.000010 0.418720 0.000010 0.581250
0.000013 0.000010 0.436103 0.000010 0.563864
0.000010 0.000010 0.000010 0.001105 0.998865
0.000010 0.000010 0.438994 0.000010 0.560976
0.000010 0.180836 0.219941 0.000010 0.599203
0.000010 0.096777 0.121003 0.000010 0.782200
0.000010 0.333611 0.193045 0.072333 0.401000
0.000010 0.458783 0.000010 0.016192 0.525005
0.000010 0.281997 0.083849 0.056971 0.577173
0.000010 0.082191 0.187244 0.037086 0.693469
0.000010 0.000010 0.000010 0.000010 0.999960
0.000010 0.328075 0.125730 0.000010 0.546175
0.000010 0.000010 0.000010 0.000010 0.999960
0.000010 0.104211 0.282925 0.000010 0.612844
0.000014 0.131397 0.243799 0.000010 0.624779
0.000010 0.999960 0.000010 0.000010 0.000010
0.000010 0.999960 0.000010 0.000010 0.000010
0.000010 0.332566 0.377138 0.000010 0.290276
0.000010 0.055915 0.421614 0.000010 0.522451
0.745947 0.123897 0.000010 0.130136 0.000010
0.994522 0.000010 0.000010 0.005448 0.000010
0.999960 0.000010 0.000010 0.000010 0.000010
0.496888 0.397286 0.000010 0.105806 0.000010
0.999960 0.000010 0.000010 0.000010 0.000010
0.925141 0.000010 0.004226 0.070613 0.000010
0.999960 0.000010 0.000010 0.000010 0.000010
0.635801 0.257402 0.000010 0.106777 0.000010
0.981054 0.000010 0.000010 0.018916 0.000010
0.856222 0.094547 0.000010 0.049211 0.000010
0.476593 0.389554 0.000010 0.133833 0.000010
0.999960 0.000010 0.000010 0.000010 0.000010
0.853644 0.000010 0.000010 0.146326 0.000010
0.979962 0.000010 0.000010 0.020008 0.000010
0.984203 0.000010 0.000010 0.015767 0.000010
0.999960 0.000010 0.000010 0.000010 0.000010
0.000010 0.432606 0.000010 0.000010 0.567364
0.000010 0.000010 0.000010 0.021219 0.978751
0.000010 0.100073 0.000010 0.035313 0.864594
0.000015 0.239584 0.000010 0.015788 0.744603
0.000010 0.385255 0.000010 0.000010 0.614715
0.000010 0.000010 0.000010 0.000010 0.999960
0.114659 0.159125 0.000010 0.000010 0.726197
0.000010 0.000010 0.000010 0.000010 0.999960
0.000011 0.137957 0.000010 0.000010 0.862012
0.000010 0.000010 0.000010 0.040598 0.959372
0.000010 0.000010 0.487547 0.512423 0.000010
0.000010 0.999960 0.000010 0.000010 0.000010
0.492255 0.000010 0.000010 0.307175 0.200551
0.999960 0.000010 0.000010 0.000010 0.000010
0.785509 0.000010 0.000010 0.214461 0.000010
0.425582 0.122136 0.258881 0.193392 0.000010
0.705895 0.000010 0.238292 0.055793 0.000010
0.561808 0.000010 0.438162 0.000010 0.000010
0.624368 0.000010 0.375602 0.000010 0.000010
0.910520 0.000010 0.000010 0.089450 0.000010
0.944773 0.000010 0.000010 0.055197 0.000010
0.651681 0.000010 0.319278 0.029020 0.000010
0.885235 0.106264 0.000010 0.008480 0.000010
0.680155 0.283073 0.000010 0.036752 0.000010
0.489043 0.375294 0.000010 0.135643 0.000010
0.000010 0.302815 0.559819 0.137345 0.000010
0.458753 0.188016 0.301606 0.051614 0.000010
0.358512 0.266456 0.000010 0.375012 0.000010
0.891709 0.000010 0.000010 0.108261 0.000010
0.742572 0.000010 0.244743 0.012665 0.000010
0.279221 0.271290 0.317049 0.132430 0.000010
0.544583 0.176224 0.146169 0.133014 0.000010
0.634099 0.059379 0.110471 0.196040 0.000010
0.999960 0.000010 0.000010 0.000010 0.000010
0.999960 0.000010 0.000010 0.000010 0.000010
0.537666 0.000010 0.462304 0.000010 0.000010
0.000010 0.911294 0.000010 0.088676 0.000010
0.000010 0.329686 0.000010 0.010260 0.660034
0.000010 0.415948 0.000010 0.000010 0.584022
0.000010 0.000010 0.000010 0.000010 0.999960
0.000010 0.337887 0.000010 0.052415 0.609677
0.000010 0.291222 0.000010 0.000010 0.708748
0.000010 0.273753 0.000010 0.032101 0.694126
0.000010 0.296131 0.000010 0.017638 0.686211
0.000010 0.000010 0.000010 0.000010 0.999960
0.000010 0.000010 0.000010 0.093497 0.906473
0.000010 0.193768 0.000010 0.038634 0.767578
0.000010 0.206059 0.000010 0.023193 0.770728
0.663721 0.243192 0.000010 0.093067 0.000010
0.993365 0.000010 0.000010 0.006605 0.000010
0.399693 0.067614 0.000010 0.419472 0.113212
0.703672 0.000010 0.296298 0.000010 0.000010
0.478424 0.000010 0.521546 0.000010 0.000010
0.000010 0.430525 0.516627 0.052827 0.000010
0.291345 0.000010 0.435381 0.273254 0.000010
0.465604 0.083689 0.000010 0.450686 0.000010
0.741965 0.161790 0.000010 0.096225 0.000010
0.810369 0.146462 0.000010 0.043149 0.000010
0.790702 0.000010 0.000010 0.209268 0.000010
0.686230 0.088287 0.000010 0.225464 0.000010
0.726690 0.000010 0.000010 0.273280 0.000010
0.000010 0.435929 0.328213 0.235838 0.000010
0.000010 0.856482 0.000010 0.143488 0.000010
0.422833 0.447608 0.000010 0.129539 0.000010
0.856634 0.000010 0.143336 0.000010 0.000010
0.999960 0.000010 0.000010 0.000010 0.000010
0.999960 0.000010 0.000010 0.000010 0.000010
0.999960 0.000010 0.000010 0.000010 0.000010
0.000010 0.968626 0.000010 0.031344 0.000010
0.504441 0.000011 0.000010 0.240520 0.255018
0.333047 0.294376 0.372557 0.000010 0.000010
0.668490 0.000010 0.331480 0.000010 0.000010
0.653739 0.000010 0.346231 0.000010 0.000010
0.636080 0.000010 0.363890 0.000010 0.000010
0.545496 0.196398 0.000010 0.258086 0.000010
0.516871 0.254105 0.000010 0.229003 0.000010
0.821802 0.000010 0.000010 0.178168 0.000010
0.857326 0.000010 0.000010 0.142644 0.000010
0.999960 0.000010 0.000010 0.000010 0.000010
0.000010 0.999960 0.000010 0.000010 0.000010
0.281146 0.568457 0.000010 0.150376 0.000010
0.271434 0.000010 0.000010 0.728536 0.000010
0.298399 0.000010 0.000010 0.431920 0.269660
0.210386 0.000013 0.000010 0.686871 0.102720
0.000010 0.000010 0.000010 0.999960 0.000010
0.209777 0.077721 0.125596 0.378307 0.208599
0.157210 0.000010 0.105912 0.612114 0.124753
0.000010 0.088059 0.210602 0.701320 0.000010
0.000010 0.270022 0.216343 0.513615 0.000010
0.000010 0.000010 0.126448 0.873522 0.000010
0.000010 0.000020 0.218454 0.781506 0.000010
0.000010 0.000010 0.038216 0.961754 0.000010
0.000010 0.000010 0.244448 0.755522 0.000010
0.000010 0.000010 0.000010 0.999960 0.000010
0.000010 0.264785 0.000010 0.735185 0.000010
0.000010 0.000010 0.000010 0.999960 0.000010
0.000010 0.000010 0.000010 0.999960 0.000010
0.000010 0.000010 0.000010 0.926476 0.073494
0.000011 0.299498 0.000010 0.700471 0.000010
0.086296 0.000010 0.000010 0.788082 0.125602
0.099568 0.045064 0.000010 0.688019 0.167339
0.000010 0.000010 0.000010 0.999960 0.000010
0.000010 0.000010 0.000010 0.862954 0.137016
0.000010 0.119081 0.000010 0.880889 0.000010
0.000010 0.000010 0.000010 0.999960 0.000010
0.000010 0.159785 0.000010 0.840185 0.000010
0.000010 0.000010 0.000010 0.892629 0.107341
0.160320 0.038401 0.059086 0.622790 0.119403
0.000010 0.338440 0.000010 0.661530 0.000010
0.000010 0.094746 0.000010 0.905224 0.000010
0.000010 0.000010 0.000010 0.999960 0.000010
0.000010 0.000010 0.000010 0.999960 0.000010
0.000010 0.000010 0.000010 0.999960 0.000010
0.000010 0.000010 0.000010 0.999960 0.000010
0.165163 0.152817 0.000010 0.589957 0.092053
0.177676 0.000010 0.000010 0.651515 0.170788
0.000010 0.000010 0.000010 0.999960 0.000010
0.158709 0.000010 0.000010 0.700195 0.141076
0.000010 0.450408 0.000010 0.549562 0.000010
0.000010 0.120823 0.000010 0.879147 0.000010
0.000010 0.000010 0.000010 0.999960 0.000010
0.080876 0.000010 0.000010 0.715511 0.203593
0.000010 0.000010 0.000010 0.884080 0.115890
0.140774 0.000010 0.000010 0.752802 0.106405
0.000010 0.000010 0.000010 0.790429 0.209541
0.000010 0.000010 0.202534 0.797436 0.000010
0.000012 0.000010 0.000010 0.818716 0.181252
0.000010 0.000010 0.000010 0.999960 0.000010
0.000011 0.000010 0.000010 0.999959 0.000010
0.000010 0.000010 0.000010 0.877189 0.122781
0.000010 0.000010 0.000010 0.991475 0.008495
0.000010 0.847369 0.000010 0.152601 0.000010
0.000010 0.000010 0.000010 0.999960 0.000010
0.186707 0.000010 0.000010 0.698205 0.115068
0.151600 0.284735 0.000010 0.563645 0.000010
0.000010 0.000010 0.000010 0.999960 0.000010
0.000010 0.000010 0.000010 0.999960 0.000010
0.000010 0.000010 0.000010 0.999960 0.000010
0.000010 0.000010 0.094009 0.905961 0.000010
0.000010 0.000010 0.080061 0.919909 0.000010
0.000010 0.000010 0.000010 0.999960 0.000010
0.161631 0.000010 0.000010 0.683795 0.154554
0.255653 0.000010 0.000010 0.542577 0.201749
0.000010 0.000010 0.000010 0.999960 0.000010
0.000010 0.000010 0.000010 0.980735 0.019235
0.000010 0.000010 0.000010 0.882778 0.117192
0.000010 0.000010 0.000010 0.999960 0.000010
0.000010 0.000010 0.000010 0.999960 0.000010
0.000010 0.000010 0.000010 0.999960 0.000010
0.000010 0.000010 0.000010 0.999960 0.000010
0.000010 0.462944 0.000010 0.537026 0.000010
0.000010 0.000010 0.000010 0.999960 0.000010
0.268908 0.000010 0.000010 0.731062 0.000010
0.000010 0.000010 0.000010 0.999960 0.000010
0.000010 0.000010 0.000010 0.912326 0.087644
0.180951 0.000010 0.000010 0.819019 0.000010
0.000010 0.000010 0.000010 0.999960 0.000010
0.000010 0.000010 0.000010 0.999960 0.000010
0.225801 0.000010 0.000010 0.632112 0.142067
0.000010 0.000010 0.000010 0.999960 0.000010
0.000010 0.000010 0.000010 0.999960 0.000010
0.000010 0.159592 0.000011 0.840377 0.000010
0.214994 0.000010 0.000010 0.635510 0.149476
0.170004 0.145516 0.000010 0.485545 0.198925
0.000010 0.000010 0.000010 0.999960 0.000010
0.209338 0.076244 0.000010 0.563462 0.150946
0.000010 0.000010 0.999960 0.000010 0.000010
0.000010 0.000010 0.999286 0.000684 0.000010
0.000010 0.000010 0.895615 0.104355 0.000010
0.000010 0.000010 0.875708 0.124262 0.000010
0.000010 0.000010 0.552241 0.447729 0.000010
0.000010 0.000010 0.815741 0.184229 0.000010
0.000010 0.000010 0.488333 0.511637 0.000010
0.000010 0.000010 0.817121 0.182849 0.000010
0.000010 0.000010 0.679885 0.320085 0.000010
0.000010 0.069496 0.405908 0.524576 0.000010
0.000010 0.000010 0.590793 0.409177 0.000010
0.000010 0.000010 0.796559 0.203411 0.000010
0.000010 0.000010 0.641521 0.358449 0.000010
0.000010 0.000010 0.849251 0.150719 0.000010
0.234703 0.098053 0.479237 0.045693 0.142314
0.000010 0.000010 0.999960 0.000010 0.000010
0.000010 0.000010 0.505720 0.494250 0.000010
0.000010 0.000010 0.610288 0.389682 0.000010
0.000010 0.000010 0.870385 0.129585 0.000010
0.000010 0.000010 0.545467 0.454503 0.000010
0.000010 0.000010 0.494369 0.505601 0.000010
0.000010 0.000010 0.693654 0.306316 0.000010
0.000010 0.062390 0.366062 0.571528 0.000010
0.000010 0.000010 0.610658 0.389312 0.000010
0.000015 0.123526 0.485720 0.390729 0.000010
0.000010 0.000010 0.783232 0.216738 0.000010
0.000010 0.000010 0.437232 0.562738 0.000010
0.000010 0.000010 0.000010 0.999960 0.000010
0.000011 0.000010 0.000010 0.999959 0.000010
0.000010 0.000010 0.000010 0.999960 0.000010
0.000010 0.000010 0.000010 0.999960 0.000010
0.237494 0.000010 0.000010 0.621327 0.141159
0.000010 0.000010 0.000010 0.999960 0.000010
0.000011 0.056945 0.143978 0.799056 0.000010
0.000010 0.000010 0.000010 0.999960 0.000010
0.000010 0.000010 0.321557 0.678413 0.000010
0.167205 0.000010 0.241288 0.480404 0.111092
0.211387 0.056176 0.252949 0.298601 0.180887
0.289161 0.000010 0.307244 0.178578 0.225007
0.214853 0.000010 0.343942 0.441185 0.000010
0.000010 0.118831 0.217042 0.664107 0.000010
0.142988 0.101433 0.251284 0.417610 0.086686
0.000010 0.000010 0.219961 0.780009 0.000010
0.000010 0.000010 0.228393 0.771577 0.000010
0.132696 0.096040 0.220449 0.500862 0.049952
0.093034 0.122118 0.205707 0.579131 0.000010
0.273149 0.047412 0.191319 0.300306 0.187814
0.234893 0.038248 0.257173 0.319031 0.150654
0.195513 0.053123 0.226078 0.438915 0.086371
0.289507 0.000010 0.316243 0.291986 0.102254
0.213440 0.079416 0.241545 0.407264 0.058334
0.126547 0.183291 0.234297 0.374072 0.081793
0.103290 0.151957 0.393806 0.350937 0.000010
0.000010 0.000010 0.800268 0.199702 0.000010
0.000010 0.000010 0.737095 0.262875 0.000010
0.161185 0.104436 0.374505 0.359864 0.000010
0.000010 0.000010 0.289659 0.710311 0.000010
0.000010 0.088675 0.226332 0.684973 0.000010
0.000010 0.000010 0.469966 0.530004 0.000010
0.000010 0.000010 0.407758 0.592212 0.000010
0.156248 0.109914 0.301614 0.351876 0.080347
0.287907 0.075621 0.236275 0.205239 0.194959
0.460026 0.000010 0.000010 0.217560 0.322394
0.188752 0.078675 0.143619 0.447040 0.141913
